y0 = 5;
x0 = 3;
x = 25;
v = 40; 
theta